================================================================================
  パラメーター最適化レポート  [ NIY=F / day_session ]
================================================================================
  検証組み合わせ数 : 243 通り
  使用バー数       : 3,770 本（日中セッション）
  有効結果         : 243 件（5 回未満のトレードを除外）
  ソート基準       : プロフィットファクター → 最大ドローダウン → 合計損益

  ── パラメーターグリッド ──
  ストップロス         : [100, 150, 200]
  テイクプロフィット   : [200, 300, 400]
  出来高倍率           : [1.2, 1.5, 2.0]
  ATR 最小値           : [20, 30, 40]
  EMA 窓サイズ         : [10, 20, 30]
  固定コスト（往復）   : 40 円/トレード（スリッページ 10円×2 + 取引コスト 20円）

  ── 上位 20 件 ──
  順位    SL    TP    倍率    ATR    EMA    取引数    勝率%    合計損益(円)    最大DD(円)    PF
----  ----  ----  ----  -----  -----  -----  -----  ---------  ---------  ----
   1   150   400     2     40     20     45     40     +1,460     -1,220  1.29
   2   100   400     2     40     10     46   32.6     +1,060     -1,100  1.24
   3   150   300     2     40     20     51   47.1     +1,220       -760  1.24
   4   100   400   1.5     40     10     86   32.6     +1,960     -1,040  1.24
   5   150   400     2     30     20     49   38.8     +1,250     -1,240  1.22
   6   100   400   1.5     40     20     87   32.2     +1,820     -1,240  1.22
   7   100   400     2     30     10     50     32     +1,000     -1,020  1.21
   8   150   400     2     20     20     52   38.5     +1,230     -1,050  1.21
   9   150   400     2     40     10     44   38.6       +990     -1,140  1.19
  10   100   400     2     20     10     54   31.5       +940       -880  1.18
  11   100   400   1.2     40     10    108   31.5     +1,880       -980  1.18
  12   100   400   1.5     40     30     89   31.5     +1,540     -1,240  1.18
  13   200   400     2     40     20     44   43.2     +1,000     -1,280  1.17
  14   100   400     2     40     20     48   31.2       +780     -1,240  1.17
  15   200   400     2     20     20     51   43.1     +1,120     -1,280  1.16
  16   150   300     2     30     20     55   45.5       +910       -950  1.16
  17   200   300     2     40     20     49     51       +900       -960  1.16
  18   150   400     2     40     30     48   37.5       +890     -1,600  1.16
  19   100   400   1.2     40     20    110   30.9     +1,600       -980  1.15
  20   100   400     2     30     20     52   30.8       +720     -1,160  1.14

================================================================================
  ⚠️  注意事項
  - この結果は過去データへの最適化です。将来の利益を保証しません。
  - パラメーターを過度に最適化すると「過学習（カーブフィッティング）」の
    リスクがあります。最良値を盲目的に採用せず、複数期間で検証してください。
  - 自動発注機能はありません（分析のみ）。
================================================================================